0,0
27,0.875
62,1.0
84,0.8
111,1.0
161,0.2222222222222222
218,1.0
252,0.8181818181818182
267,0.09090909090909091
299,0.9090909090909091
311,1.0
321,1.0
342,1.0
405,1.0
455,1.0
488,0.75
504,0.75
516,1.0
537,0.3333333333333333
552,0.5833333333333334
599,0.8
615,1.0
618,0.2222222222222222
673,1.0
701,1.0
752,0.5
764,0.875
781,1.0
801,1.0
814,1.0
853,1.0
864,0.8
889,1.0
899,1.0
956,1.0
962,0.2857142857142857
966,0.7142857142857143
1016,0.75
1042,0.8571428571428571
1054,1.0
1120,1.0
1127,0.5
1131,1.0
1149,0.8333333333333334
1165,1.0
1203,0.25
1217,0.3333333333333333
1227,1.0
1239,0.25
1256,0.16666666666666666
1327,0.2857142857142857
1330,0.5714285714285714
1341,1.0
1351,1.0
1370,0.8333333333333334
1410,0.6666666666666666
1420,1.0
1433,1.0
1490,0.42857142857142855
1530,0.75
1546,0.8
1558,1.0
1608,1.0
1627,0.6
1639,1.0
1652,0.8
1680,1.0
1709,0.4
1745,0.25
1789,1.0
1799,0.14285714285714285
1819,1.0
1832,1.0
1871,1.0
1879,0.5
1920,0.4
1940,0.2222222222222222
1997,0.75
2070,0.2857142857142857
2075,0.7142857142857143
2091,1.0
2136,1.0
2169,0.7777777777777778
2213,0.8571428571428571
2228,0.3333333333333333
2262,1.0
2278,0.18181818181818182
2286,0.36363636363636365
2291,0.7272727272727273
2301,1.0
2330,1.0
2340,1.0
2398,0.2222222222222222
2431,0.8888888888888888
2476,1.0
2510,0.8181818181818182
2583,0.3333333333333333
2598,0.7777777777777778
2606,0.2222222222222222
2703,0.9090909090909091
2744,0.2857142857142857
2751,0.8571428571428571
2763,1.0
2792,1.0
2815,1.0
2851,0.2
2859,0.4
2935,0.2222222222222222
2986,0.4
3110,0.6
3114,1.0
3141,0.75
3163,0.2857142857142857
3173,0.8571428571428571
3185,1.0
3194,1.0
3249,1.0
3281,0.875
3308,0.2
3423,1.0
3446,0.1111111111111111
3476,0.8888888888888888
3518,0.875
3587,0.6
3591,1.0
3596,0.6666666666666666
3607,0.2857142857142857
3623,0.8571428571428571
3633,0.8
3665,1.0
3683,1.0
3710,1.0
3794,1.0
3800,0.4
3836,0.2857142857142857
3887,0.6
3899,1.0
3928,0.875
3948,1.0
3980,0.875
4035,0.4
4091,0.5
4104,0.2
4188,0.8181818181818182
4216,1.0
4223,0.8
4327,0.8333333333333334
4348,0.75
4421,0.6
4488,0.5
4500,1.0
4548,0.6
4605,0.8571428571428571
4622,1.0
4645,1.0
4653,0.25
4682,1.0
4692,1.0
4698,0.2857142857142857
4702,0.7142857142857143
4725,0.25
4731,1.0
4741,0.75
4774,0.3333333333333333
4776,0.6666666666666666
4805,1.0
4820,0.8
4844,1.0
4880,0.2222222222222222
4885,0.5555555555555556
4892,0.8888888888888888
4895,0.14285714285714285
4935,1.0
4975,0.75
4989,0